"output","x1","x2","x3","x4","x5","x6","x7","x8","x9","x10","x11","x12","x13","x14","x15","x16","x17","x18","x19","x20"
1,-0.309720170641751,1.20173994799536,-0.25921235428648,0.646561299881961,-2.45052780294662,0.688466617997143,-0.927097373669866,-1.50555427418394,3.96725480938372,-2.09491931472442,1.39198303733223,-0.967433476814284,1.04133619964481,0.783912567961576,-0.642979606839749,-1.05790275707082,0.935467027484181,3.13190799080622,5.68309311061438,-3.15155126553616
0,-1.04549442509566,-1.2569704107011,-0.947136362118815,-2.55618195862333,-0.148003012736713,-1.39753418452347,-1.10585093812548,1.73761931595329,2.26548144683378,-0.677043643885499,-2.01237615905462,-1.05257981534266,-1.26564356937644,-2.45993775477722,0.0744435691664532,0.408109034343543,-2.39408082019903,5.47320190271104,0.0366574885834297,-0.88310256048145
0,-0.919875659354449,-0.170980084956343,-0.642620098836966,0.689644165011919,1.04976766066017,-1.05952902797274,1.57788100416266,-0.239362223038859,0.886689078592361,2.19961080882261,-0.983157153580462,-2.15818933983845,-3.68060432469158,0.502225226257656,-1.16412885971674,1.09747557272126,-3.16271756050565,-0.187564049433773,-0.834630001717803,-3.74444046451979
1,0.132896443874261,0.72558158758676,-0.10819950494398,2.44000183220054,0.512104552060337,-2.96417773178629,-1.46356658553236,-1.93202342696853,0.318584227040321,0.138103056580161,-0.35779927875831,-0.884484173392812,3.39456809979066,-2.59741410574188,1.00382753091442,0.261378165363924,-2.48050394035868,4.26216474602416,-1.57266603202477,1.31643496018492
1,0.403885585700782,-0.533301485821311,-2.70883667210551,1.03824424102838,1.05895899386901,1.93341957761054,0.829726761663097,1.58058986292731,-1.31021127600991,-1.01877420832504,2.16950934216623,-1.31755337944783,-0.249133101242405,-0.0513374440600503,3.6803927364321,-3.71583192772986,3.1811104435568,-2.13419451197787,-0.289970338536934,4.12496545688865
0,-1.08558285693548,-0.612230232118267,0.098630785691083,-1.94744249412436,0.714930568602063,-0.236731213090223,1.89177215350192,-1.33932887676424,0.348840263887427,-0.861937447645588,1.68480355783541,-0.17966147113341,-0.687092717215051,2.00064598651525,-3.74934225167595,-4.13876954944702,6.4827070514447,-6.7753952555138,-2.30238756159207,-3.19082151490011
0,0.269287084162152,-1.49298263016137,0.512584419682699,0.476984187295491,1.13753103908632,-1.26258235287131,0.169527517932347,0.677550653713323,-3.81927449812397,-0.456305707519889,-0.992461651552938,1.21526373145488,4.62933276556592,-2.89184667119676,0.484349878946295,-3.43937469790684,4.37995834111923,-2.01920841174727,3.57884276059462,-4.07298365736151
0,0.39407401368809,-0.586974389151407,-1.34651076823412,0.706327094160117,-1.64637985869235,-1.3601808114107,-0.877572733922732,-1.6150057189408,0.998886267668416,-0.186343554641092,-0.438781291420918,1.8031574110932,2.14507031367574,-1.23483976412367,0.467828704556521,0.874443009996662,2.2771618385196,-2.58608793880043,2.21443290154436,-2.75418700973249
1,-0.275003882746275,-0.229766793387345,0.707768861044067,-0.53685437573758,-0.596007564821042,0.261318635334279,0.216781311344641,-0.437706696812969,0.466277225441908,2.2403921556368,-0.374957483599621,-2.68344487808929,0.063201889345651,0.18543580482745,-0.388701216784255,2.80601827004938,-2.05036834013514,-0.451275669665447,5.39921262063496,-2.32971864269251
0,0.722670206080922,-0.365103266748489,2.81774477643803,-1.06686171868245,2.16981280904118,2.29567246548864,-1.64585131712173,-1.95178688405479,-2.49345340392357,-0.41261899182107,-2.44134224294281,-2.25071044532875,-3.139739117391,3.02456716200722,-2.82060721743175,-1.81498105496447,-0.230429933288546,-1.87486501154644,1.01530828713626,1.95289159229867
1,0.0703992441644185,-0.0534986933382878,1.11206205680458,1.75330332709936,-0.433385568942935,-2.50374673819511,-1.69484830463388,-2.17622986816387,0.51151330819479,-0.44198023984544,0.599497757801926,1.46860574924232,0.900862228845124,-4.10403868551843,3.31061301662889,6.63891151698758,-2.08343043951927,-2.56425040892761,3.35886282911739,1.96821319806728
1,2.70301459932591,1.64034562807168,-2.25337202469344,0.460838730531196,2.96296186022163,-1.40480070814146,-2.59524120957025,-4.60943884189711,-0.804130286007324,-3.43909626073893,1.60623327732488,2.16930316732934,1.40135064849361,0.0412511451371698,0.950999237238155,-2.01824548917458,-0.0170295775131375,3.07206931869486,-1.91452741438165,2.08796207943738
1,0.433741240463708,2.09017366695713,0.321281770553619,2.97946504231307,1.00721484514346,-0.658402583831796,1.19182903190898,-2.17391687260138,6.45992665098269,1.37167162204908,0.026893699358207,0.432432962449825,-2.40588305697503,2.27714413268223,-3.35994234720302,-5.51683844448301,-1.77147808362373,-3.80339170463867,3.55628934798792,-0.620734766863958
1,-2.18795988746855,0.49053434893081,0.19541958004587,-0.578522642882691,0.242809222318776,1.88755678113885,-1.22585955243803,-1.06751166426406,-0.934064857844485,-0.764590966493391,2.87379837800013,2.27774443532502,5.6432494120351,4.19251956878336,-1.28580388653651,0.836189560417345,2.91346553957444,-2.55261104135866,0.309848759340673,2.82032960264886
0,0.609574133284726,-1.05781100561297,-0.990109587966926,-0.267572324224905,0.977507715329094,-1.23614931772767,-0.934049822939467,0.506460895348174,3.35385177831658,-5.00413840967125,2.91697746876537,-4.13183853158827,3.49295153550431,1.62024632887123,1.38400270275676,-1.7410989136853,-2.11409805019918,2.63541683047395,-0.938704490376921,-1.03347420885695
0,0.997124210807167,-1.79595728828737,0.311115705395614,-0.63396306557666,-2.36888323384098,-1.62533771618161,1.24527302862659,-4.88932853588922,-1.12065620618138,-0.245848757239888,1.87736424011499,-1.64363067792237,0.583225952848201,-1.75443620331438,-3.15016237934596,0.386360879394171,2.97890581340256,2.14692017096117,-1.93259701420389,-0.407590442180675
0,-0.201827096849239,1.41903202935969,-0.931730680878061,-1.85676605754113,0.468316641398757,0.686945069663378,-3.60913136487619,0.745844505793485,-0.628088230999641,1.0190037637899,-2.42890182764086,6.93110442536596,-0.465194648475121,1.38336720215699,1.208725259192,1.29382123300237,3.17160447868928,-3.46986167479037,-1.13789098393474,-3.98226066914094
0,0.24775229132141,0.109450698679237,-0.337631444198876,-0.945106729699554,-1.72949531527792,0.43724613586127,4.18991348055921,0.214463418107174,0.671165905505742,-2.60968895496533,-1.18987534738862,-3.11169189017673,2.18401422465484,-0.422736557169569,1.55576973351748,-0.54797642670337,-0.711024255219403,5.00914955416665,-2.23979491048228,0.0572600492914958
0,0.888328668162476,-0.175972435412704,0.472928252833175,-0.533594004088428,-0.760624820826917,-2.25390095725935,-0.529824455766054,-1.99811080440458,0.829465839469826,-0.283232572278035,-2.84684177447358,-0.0883051196401949,0.4924001102208,-0.637504946361713,-1.99449722191872,2.67418772936364,0.949804232665799,-0.621972022085717,1.5694661417678,-1.46501397614895
1,1.24890715705469,-1.24791337137342,0.621035034583981,-1.17680049024987,0.873098150865334,-1.60148757206999,1.37148379398024,0.616150727753046,1.22569871638596,0.168986250920464,1.27748066468233,1.00201881398168,0.745951649147346,0.387864463090618,1.62447038676003,-1.1168673529329,5.08101456276373,0.91276316154343,1.04088823045248,-0.291314203235041
1,-0.52518788994355,1.40012703458782,2.1309521847517,-0.35003390440447,0.374880390165103,-1.13727506507363,-1.17892388363564,1.36301306312826,2.08573293742627,-2.9067933388978,0.993963678109316,4.23634303900849,2.56397383324267,-1.75213869823479,2.46752701053276,0.633724339812481,-1.62587210817555,1.52794040575111,0.361067502109072,-2.62446147861715
1,1.30436243802877,-1.2964554750379,-0.754093661943464,0.297921130641499,-1.48758390294467,-0.919268343332905,0.564064058389763,0.331180818613951,-0.322638413755114,-1.17572067055582,-0.42559876830925,-0.828320540129134,0.590400027180008,1.2551451720951,-4.87547422601825,-5.61481584567191,-0.180874368466653,4.88381938541996,-3.45355131667556,3.48847108257464
1,-0.012031362946758,-0.77512986660316,-1.66298033939893,-2.30828565136452,1.10040608485609,0.328151342271753,3.52079874353123,-2.05291050752613,1.45697773081918,-1.99582373711771,2.28463712683325,-1.92692450903787,0.121223670181705,1.23308557219897,-0.0560000094191414,-1.78018268284229,-1.88066161198483,-0.6788494631109,0.724434030899266,2.2962078591839
1,-1.55781707646287,-0.626766783619956,1.55727250450883,0.94911076685071,-1.44501204720466,2.27425277857206,1.30852680523867,2.00956109464924,-0.354740317259803,2.17728478136671,0.556788365476858,3.40934454718614,0.847620380224109,-1.00584029305353,-2.01262122682845,-5.92977652610665,1.06591076322818,-0.0278274083362217,2.5385410352035,0.164085956979826
1,0.526048121672724,0.374428100042839,0.204524977030269,-0.157440975644997,-0.848807235501501,1.78996100696164,-1.90659720429856,0.780909486239478,-1.34313870991862,3.04470148722941,0.0378469197505702,-0.725501675386082,1.24075134714565,-0.153065883862227,-1.87352181254895,0.684772201530467,0.746472462533273,-0.817760662156044,3.66196979243651,2.98633704355915
0,0.11998568318475,-0.400945779902728,0.665063655538143,2.1582831732227,4.25550328995415,0.524023439399285,0.394028795387433,2.99107001687538,1.51479991733402,-0.548427795911797,-2.59166998883394,1.28237000314868,-2.43414781810536,3.17659197469305,0.61651812524349,0.13773023990341,0.118264096340085,-2.07140723640573,-4.72924751253627,-2.02254329090168
1,-0.134313572552529,1.79249051684851,0.159850949927093,-0.324966725859648,0.167411363045013,-0.525646163533603,-1.28448155897469,1.09828610734106,2.06300107626374,-0.179721691820012,-0.394406031415034,-5.50809093600397,2.63160897094786,2.66501161326995,-3.85877924896081,-4.70583351371816,1.17176491847894,-0.991870184420187,3.68220356660748,-0.51396430448096
0,0.545140834456951,-1.20944315770055,1.04146796258104,0.660354399174944,-3.23757149485901,-1.21835772030415,2.28066124365374,1.08518905115157,-3.27875862061971,1.52063312519845,4.00446944200012,3.00895482121988,-6.58697574221783,-1.49397994857546,0.338125339123671,-5.29377384787461,-3.17457191365886,-0.821717579650616,-3.61745451065374,-3.24423570028658
1,0.417494929811025,0.684686575442275,-0.473791408359979,0.132144333670517,0.993923432775986,-0.758759063491774,0.617604436296646,-0.886574056795126,-0.763875004696904,-1.78536432024378,-0.820558835600922,-2.8977056453544,2.13404596582905,3.39655091990351,-0.181834057320192,1.99336095597355,2.09749116913034,4.211897015642,-1.86483844081602,1.5297918444825
0,1.19219972907834,1.01294486836799,-1.00063615496589,1.04916551061067,-0.633281036726157,0.829325229648265,-1.65939284620339,0.219590926061991,-1.23174841045173,-0.210954627327101,-2.69477341797181,0.797576509501697,1.43757578388814,-4.17744652766722,1.74998709933049,5.49504400830982,-5.05030517298842,-1.19212008872638,-0.0461374463895312,-1.7482299222356
0,-0.407954724918508,-0.659135909622328,-0.414990957099454,-0.695987261698967,1.76643645288063,0.260180076790022,-0.398493800647536,2.1705495714421,-0.908326989035997,0.109620050667645,-3.3065145244802,-1.96713820439537,-0.730201201802377,-0.288649253302325,6.59793398657053,-3.12094593197646,0.878994210605471,3.85783149275662,0.256108314824206,-0.910021192903781
0,-1.09303841054426,-0.857792049510212,-1.1115398048487,0.954824315935457,-0.719071695384927,-2.68991120514777,-0.132235566795035,-3.00631521107801,1.79767304202991,-2.0791893025981,3.98675073705997,-1.89279455766067,1.22598727244499,-1.60853368356653,-1.57525769949287,2.77731813122227,-1.47830609228322,0.0398909377676518,-2.65353195186194,-2.30544956028139
0,1.53588774186568,1.23526914316553,1.18079083611985,0.74047962519117,-1.55755550397578,1.37966767692425,1.78621449305228,2.16957398502285,1.12819248542573,-1.81955381863805,-0.712538878575505,0.915748183679602,0.510085356268955,0.0971165956936936,0.392062138070734,-0.211423565097865,-2.82903480133146,-5.17047500479122,1.99011647940815,-1.50027020373602
0,1.27874951766886,0.357082872550734,-0.53933871556129,-0.987420262792586,0.149461383660156,0.538093248035678,-0.027947872213775,-4.46093633837153,-0.352447192607326,1.12471964085189,-2.03256849332584,2.06590125095688,-1.52133759656824,-3.84598031034892,2.77982642771119,-0.520217788899379,-1.46673342455021,-1.80052835484296,1.66620693922249,0.195163541892263
1,0.403735924387778,0.781708460629499,0.0117947478256153,0.264751409888471,0.298997575218434,1.04966593117569,1.19023200767553,-1.16940806868791,1.42685844471634,-2.52730705098831,1.21363450916516,-2.33882431755959,3.51536281048953,1.36964763953963,-2.5847018222064,-0.652010951967436,0.772373501579431,-0.549081437280068,0.721248976665848,3.81105188863105
0,-0.0471845708105467,-0.831148151421846,1.6768480820693,-0.141615569778996,-2.18903055209894,-0.312272643487846,1.87894039927157,-0.24833321522109,0.534314398862841,1.23828393678483,1.47702395582452,0.711805452243057,-3.77704527806006,1.635381717656,2.02803024098479,-5.59371524929393,-3.03332234129602,-0.475350830440548,3.33099734109748,-4.24884172691824
0,-0.917665285594115,0.625682366333663,1.85796867159872,0.220744126337878,0.373408192561474,1.6132835607991,-1.72186807762738,-2.17414932252971,-1.49569285808298,0.548865853254551,-2.85910668698752,-3.16600547075625,-0.546641246433319,-2.33450538519331,1.52875314456994,0.444992099310484,0.605697127209002,1.96644630426239,-4.54989595014311,0.303501288504361
1,-0.48381648273439,-1.26282355755367,0.626270880501744,2.64612206764062,-2.16500575510065,1.89844523922975,1.30681630197367,0.717607208477271,0.118822471737355,0.94752978149049,0.568788749214306,1.02418345972659,-0.71716284187722,2.41953671701071,3.90541100883987,0.9031977225067,2.06711848925156,3.95770330479208,-0.0408419016641754,1.2362487356866
0,0.652637042018437,-0.516992079473779,1.9048592312462,-0.174027407623637,1.07714407564305,-1.15907992731186,-2.26139144375503,-1.52576039731776,-0.574492885573278,0.672589892262448,0.227474505041945,1.91991359947122,-0.433741086096094,0.335526456530105,1.71944617064582,-0.394025341229054,-7.24461439834506,2.28973900932758,5.18121275525469,-5.75015165370665
1,-1.88861920969292,-0.451163672728841,0.740161924590079,-0.162057868650448,1.07984380368297,1.18913527733213,-2.10349455991973,1.34749931935982,0.684250256512239,1.93773151365042,-4.2582090321521,-1.77506553369855,-2.30488354381897,1.43920576000999,-3.43813754021955,1.75161567887778,-3.94402155040272,2.47875528077023,1.8670254876229,-3.5065142263377
0,0.466799238798514,2.7691279517536,-0.49293880455355,-0.653125091504648,0.917117700677612,-2.49577470990949,-1.68147291522435,-0.509659572558803,0.28015842134642,-3.8263297286333,1.76871282479061,2.1910820159687,1.09716048054468,-2.11627637681229,1.40618743380758,0.629439069660249,-1.05585221116569,0.221592630577913,2.5263808697234,-1.32803664480771
0,-0.0349266716756561,-2.26137886704098,-0.707164601993997,0.237682775081264,-0.247140935695291,2.57575572340902,-2.8629197281709,-0.566129890748574,-2.75866106591359,2.91271891791586,-1.64805513568206,-2.01834539962692,-3.66196629581777,-1.28009125320745,0.158287110852068,-6.60604539718206,-1.72745113305197,-1.72115918641479,2.51755897355984,2.77341477305088
1,0.93901355148151,-0.510360352434216,0.884902145447701,0.826888984110198,0.331270208750342,0.484799670562354,-0.223387120038073,-0.0611110717166169,2.20505732619868,-3.50589887114593,-0.362396606741005,0.771636506982797,-3.59389333874892,-2.60736473506833,-2.45272746871023,-3.85664435974384,2.01111747026969,-0.498677198402167,1.81133239107987,4.13802739231539
0,2.66741885903861,1.92166007025749,-0.580456487069608,-1.30160190630138,0.750410009452893,1.36076729035829,1.59929898257936,2.82507645625137,1.00969806238407,-3.40883141612347,0.720656544490783,0.446739855481693,-1.44934080539555,-3.02884254947584,-4.46323776250094,-2.90897899121625,-4.54601748016415,0.379223873991756,0.124866303010556,0.17519644968021
1,-0.858233411800314,1.63708328293695,-1.87896952509855,0.703225885897233,0.945654055776492,-1.73662020407815,-0.382818777828674,1.3309569674667,0.718210334543229,1.06577342294358,-0.58761762792951,2.84040022316329,0.574813224798702,4.55809918177691,-1.46652679264808,1.69207504522905,1.04603263593735,2.3133615731866,1.37174529150407,-1.73583396697637
1,1.08596674638685,-1.5795638143348,0.237857450179836,1.54428189719868,0.0872101211021751,1.13835018253814,-1.45204165164651,1.91639150834368,-1.42822332002894,-3.6653838071756,-2.23222100715034,0.136254286486589,-0.969383628160534,0.188498333463642,-0.103985384950841,0.89166191251217,0.880656109729946,0.31247398360127,-1.63105097674647,2.69375491961227
1,0.147907486870168,0.537915420747538,-0.68491260045745,0.0421012415324133,1.87237890257725,-1.94634102180048,1.04421637465722,-1.11540864712503,2.33049636560066,2.30156852232555,0.968940134889503,-2.68236281578184,2.06617909898076,0.379838701245751,0.702774745747401,-0.994317318532278,2.09176143425699,0.735185383145983,-1.27645221292862,4.75482334002776
1,-1.0007963836169,0.475220247220118,1.21148734681609,0.546256906757535,0.673491126660577,-2.2526984890225,2.22069896685319,3.58054851090728,1.22145879690889,-3.24095266655936,-2.61583624321487,0.86783334132876,-0.131012869268571,1.59323069244499,-3.52907220735479,2.87476985395227,-5.52497237584131,0.759922065019151,-4.22842226753639,7.5394923364927
0,0.543841063193334,0.485094971257954,-2.10285681589477,0.0999529382073949,0.521240101639895,-0.982819410162062,-0.683192792708416,1.71979947348611,-2.8215104983533,-1.28276112746305,-3.22795988608463,-1.32837746827389,-1.25585131068824,1.27692963060247,0.878754352276587,1.00357448367542,-4.5728672452158,3.11795638129595,-2.8069748989591,-0.740493083784627
0,1.6739095572863,0.301818868147179,2.65494035089234,0.87516116968537,0.598130468996412,-1.29219938743514,-1.2354430623307,-1.43636613626741,1.22993693987667,1.18694378276142,-1.49291983146207,0.188702273580019,-0.613118748506545,-2.46848328845778,-3.89717859715466,-6.09949751275685,7.28611890979743,-1.18114191088399,-1.82320310877546,0.241502070964956
1,-0.765528489046866,-0.578257606031759,2.27668535570749,0.459883816218465,2.35241703553361,-2.2899187283849,-1.07471007290506,-2.71085257558647,0.560190492181778,0.500517845801594,1.74446514010767,2.26159701708659,-2.20754796403114,1.00864069507948,0.0686860277375626,1.15607125486519,-0.362842964938767,-6.03100551632037,0.819972152227292,3.46020766139425
0,1.0680653155652,-0.146708252362233,-2.94473429058708,-0.257322061208865,-0.559421320122442,-1.27515406654945,-0.265465419849398,0.530215626973635,-0.944255511049254,0.793000233651228,4.93234195622286,1.70685231700492,1.85164943264035,-1.10628035376704,4.65956057379129,-2.37686700535706,0.706259703117033,-5.8197395698962,3.16136119213235,-1.39557435938445
1,-0.437848614068752,-0.297360648619697,0.0714597983875636,2.11834559187431,2.27734470913843,1.29542580782603,0.335759442599212,4.61532628950717,1.83634457623317,0.373380335708701,-0.194422404854245,3.55425812889779,1.42406625681814,0.629665074220741,1.07749565917272,7.11369302296944,-0.811266923690302,-0.279545801943544,-2.24103250643373,3.8055284021387
0,1.2222801265675,1.92543296854444,1.5077875101326,-2.02953091279073,1.41453137284809,1.83721414955936,1.04119420359245,0.991656528140229,2.65184236913031,-3.93063773456793,0.870368473214515,3.36755874841585,0.966410988943367,-1.52638170691405,-3.21083393134194,1.0459636578381,-3.31448449147828,2.51083049714792,-1.65505878676125,-3.5058832080399
0,0.361143031429158,-0.256162612582525,-0.947153094925838,-0.0799677942963067,1.31539083172798,-0.0493418909791189,-0.00282691065840941,0.253178058006505,1.03121124998763,-1.04984215704355,-1.76740697014403,-1.63261997423228,1.03724231988159,-1.64488705710956,-0.807626105216893,-1.54725763832641,-0.749646845275341,-4.67066681072828,5.37794993463776,-0.610978906052013
1,0.800175343854751,-0.250903662743731,1.59642087698493,-0.431237385089002,1.05793382876987,1.52516557074278,0.459401520274486,0.35240378536829,4.45535617561522,3.6169216030226,-0.855425763152982,1.85763811631447,0.0959516719550332,1.02513471592591,-0.427441298795697,5.11751587714476,0.12585356457312,3.05693795971431,1.21093401747466,-2.47285100868119
0,-0.370436498351714,-0.0296842616075177,-0.312821278207017,-2.22470114267843,-0.100947094410561,-2.83907954518271,-1.77672904026757,1.14597884841759,0.639159364136883,-0.236415384749182,2.38685444183364,2.17532500268316,-1.04800297451567,1.11827680083418,-0.337581202504453,-4.79699338747414,0.395402407236196,0.731728154197368,0.452498641751499,-0.268774740171358
1,0.89481307005395,-1.03303826361071,-1.12589487034989,-1.16220518808816,0.530723562323856,0.480907801549224,-0.821012452733419,0.891594405600847,1.07305794552983,-0.178759132324901,-1.12766033998742,1.2338250373974,3.90384102269604,-5.4168969754629,0.157573871930299,-0.700808325249693,1.8590746341867,-3.94567570299255,5.90994930465477,4.77535166194502
0,0.440661163472311,-0.937564576128073,1.31856458046713,0.461889610135882,-1.50450221314689,-4.78903689748995,0.290725075485277,3.14215531132373,1.75405833796249,-0.622567490093659,3.39816490604471,-1.32748994568881,0.883530730167741,-1.95291610038171,-0.338380666555442,-2.25449645606568,-3.42029854216329,2.08196383714405,-0.342913742525201,-0.69387117813782
0,0.402297806632234,-1.666492303691,-0.145425428740367,0.999885054537597,0.426378962222071,-2.36231883169612,4.11930039583949,-2.14296293402439,-1.8536961868826,0.477016779735056,-0.0181982216214923,-0.514638591688385,-1.89339114848842,2.63043756385842,-1.79925158847157,2.04962336643593,-3.38740971662444,-0.613125690480694,-3.48455280097366,-1.15925136345402
0,-0.918388410079948,1.24162706861164,0.648652181139185,-1.19311841288898,-0.948727024195143,0.366775658494652,0.650460400068244,-0.46739008748709,-1.9998610967922,2.35341133071314,0.826309711504576,0.980862137692209,0.0236731356251,-3.11756060028327,2.47227866742586,-2.5884573210004,-2.24250372552767,4.41829873557122,3.75744955568235,-2.43813539733221
0,-0.721875961216722,-1.31452152056941,-0.430093477958806,0.890154217982746,0.682629538110846,-0.515238883341628,0.447678181479447,-0.987826769702985,0.378607029649877,-0.174963824223755,-0.743263120436776,-2.57668694496512,-1.53095840652506,-2.4040024003244,1.95125632136368,1.91297439615863,1.58985310736378,-4.33021130056045,4.45614066740507,-7.40948275293117
0,-0.798708559683636,1.80500489243631,-0.77510393220628,-1.49170039002508,1.3867919517885,-1.1040771646835,1.52360171670263,-0.13410174758885,0.652756779507804,0.224851465279168,1.54839877460244,3.89296197932822,-2.63456224676698,-1.87523322238934,1.72670993576916,0.939224855180246,-2.63002495725366,-1.37034501777196,2.01213159506371,-2.24146629556942
0,0.541409939910055,-0.0143988100156763,0.282236367778973,0.473977607216876,0.438923541949562,0.363218614654103,2.85213536349824,-1.43428821971127,-1.92974918422516,1.51622911063213,-0.85245917634248,1.51450898774379,3.03743673789724,7.31763668127452,-2.30578586388502,-3.33034471970851,-2.70615999689481,-1.02164888691612,-5.88793569103984,0.399625580613161
0,-0.41855018211714,-1.92268575168768,-0.0276994951909819,1.2290078686404,2.03260147486223,2.45594257984185,0.435682870162417,1.04039918154149,1.20774002989307,0.447847631343688,-2.88065390791796,-2.35392827818363,-5.54841606597004,-5.4899951918796,0.90392357978149,-0.508606885743652,0.874325685156866,0.921112778757914,-1.41829648939814,-4.03880751666954
0,-1.10330856711265,-1.63710545876848,-0.939026265757811,0.189392403033457,-0.0404050849232197,-0.922427549147971,-1.07479485425675,1.5389391890822,-2.37874290131093,-3.01388967191101,0.518993781273613,-1.78886019478376,2.40873757568202,-0.539783597613154,0.559102152158001,0.374047489686129,1.02228211170231,1.23553641336125,-6.20701104504711,5.06619988936725
1,1.51707602473564,-0.290985663037331,1.19797183684655,-1.31905587823672,-0.338142123512537,2.24618157577146,0.572095235795518,-0.309864265299784,-0.989449298367057,-0.557915157520499,1.86056033229852,3.51244643130259,-2.95322295075323,3.09028203335417,-0.472172032406067,-2.49689838236547,3.10682188674305,-1.6852355418067,0.881102053654376,1.07060908478455
1,-0.360582739155882,-0.436076240998019,-0.894951708298537,1.05903844103924,-2.11902255033237,-0.652465472732728,-0.599815012588355,0.0898658754775564,0.708581843432676,1.90391857752675,1.91115319830625,-1.15967180765827,0.608173360235463,1.12705962943525,-0.489869830617494,0.269277890973298,-0.182635025340407,0.250947837037394,3.32970388045203,1.91577775535021
1,-0.0536430008848051,-0.135137691913252,-1.13001886300314,1.2402188028787,-0.0615284141577144,-0.8012185477157,-0.136648664644585,0.182183378139406,-0.590664605071271,2.93618367477228,4.6413833805416,1.39707021028167,-1.16974906509902,-0.572779871290434,-0.720357861813805,-2.9577990783628,-0.599189727850914,-2.5463421725913,3.71888664420308,1.51311803632036
1,-0.546113061426208,-1.81687601360883,-2.35889780964058,0.621282230453468,0.199056683484729,0.682412385636752,-0.179458667957088,3.56115416568124,0.346702487867694,0.504986182385669,-0.549865439076618,1.05300256499351,-4.22291184155247,-0.199078482203837,1.67717678059646,-2.97147926081586,-2.28394100621854,1.38544913773642,3.18846788806521,-2.55873465702569
0,0.932479632443992,0.119219050425755,-1.08116064252025,-0.412748777706444,1.18723272415326,-0.314283144394731,0.886297564061517,1.57835222365467,1.92522661519135,-2.46089392739231,0.059833193062075,-0.929171947107657,0.722267134399235,-1.34052546120646,0.526213509164012,-1.4487464510452,0.77102668378243,0.159118618013753,1.58961254981972,-2.9920904726511
0,-0.472545225700065,0.0167057416011396,-1.96260538312648,-0.0177580651436796,0.305892130918813,-0.012401725777179,2.77239675305585,2.60799528072029,-0.0297547793267786,3.57180489681032,-2.36457369577397,-0.584881697999865,-3.50729347824648,-2.74657690448318,-1.840333964557,-1.98435945211,-1.13222532824992,-3.71208679339415,2.1975064289418,1.08216077468513
1,0.697471986711439,-0.790771160795077,1.38607430032504,1.8973335412949,-0.661338820283877,1.92454285569611,-1.50522997990776,0.31419692658306,-1.11545923877513,1.13189939237897,-2.02736977277771,-1.04005910937239,-1.86880696288388,2.00039589118762,1.23173401910798,1.27782908604579,0.0165757374309126,-3.65949440171142,2.09694457201299,-0.977225384974651
0,-0.72254262148992,-0.85207453044317,-0.0216072772477285,-0.80130318364689,0.228385394534507,-2.42816730136738,0.870746502560701,-2.8670380044963,-0.777541592965585,-1.80133232614808,2.12016502890408,-0.600551684775698,1.18434989971851,-3.35485695299852,3.11358627112062,-1.91798117006353,-4.98901887022581,-2.96912351621018,-0.150833064796966,2.19646217166181
1,0.202703796774295,0.705097220355527,1.14279137090266,0.450662771481094,1.51260221808361,1.31887181340936,1.44269428370321,0.214018260727033,-0.846957554014468,-0.674972495270794,2.02342063506061,-0.917566125343263,0.701520672219368,5.09917849920046,3.06316496434722,2.85054931783931,-3.42260005366687,-1.92068336847788,3.14408676415902,-2.70552288638706
1,-1.04071878927244,0.277798899933946,0.204644758189259,0.302102401785316,-1.24419930221574,-0.133982036758201,1.56743398435884,-0.817096498976734,0.464387033210891,0.474942260127064,0.970764300346216,2.11846791184407,-1.75949031918391,2.96282364584228,-3.34662613640246,-1.77434271502523,0.0971734511724425,2.34464604150244,-0.0223191307333132,2.84087011590081
1,0.982081516258004,-1.4903497957232,-0.149228603279692,-0.77094032491679,1.00645675183962,3.53256413592628,1.60589058825838,-1.64141432166797,1.71994967556391,0.366945321839062,0.126859023342349,-0.180264612637176,6.37964090566398,1.05510990378484,-0.411467794738906,-0.425260685770472,1.26060268653602,-2.67720409617227,0.539211593339427,-1.03652459429488
0,-0.766395667457207,-1.98081337495531,0.0521066417807617,-1.07039513767894,-2.37608563960383,-0.0797055016969375,3.61041177849019,1.01204527943653,0.540101272710919,-0.845223980160161,-3.63896923128143,2.08344507921148,4.99002627688118,0.346459210516864,0.160551644844014,-0.322032613553608,-0.626469325672575,0.0771525564271028,-1.94846280026965,-1.79697263147793
1,-0.352515942922571,-0.792133888123243,-0.120980279126053,0.439104789209079,-2.40200875818568,0.579220971066485,1.07906202139666,1.58220084452655,-2.05528407820422,-0.811721914785091,-6.1663000254961,0.209338749470998,-3.93361066959341,0.424249063385816,-0.482122071539686,2.47533963999387,0.55239009163241,1.19008961704015,-2.1793483748379,3.31452293816954
0,0.588487948731427,-0.0275949156458802,1.60217113474909,1.58064613696394,-2.55224608923289,0.294294570635524,-1.75435504237807,0.351569075425345,2.01703361932192,0.574275326217215,-1.2171190662425,-0.806127791390067,4.91573362186735,-4.58570806125109,-6.81639858405762,-1.25144524227477,0.837130254111391,0.668036041435502,-1.62828124437248,-0.453470924911214
1,-0.112916378771801,-0.643417208771356,-2.09783274459969,2.1803324381191,1.75598707001644,0.0752413641583939,-0.666747245501734,-0.768462036046671,0.979872836827664,-3.9077625635423,2.76013976499584,-4.62216948833222,-2.22298614574172,-3.1766677405543,2.38376650613134,0.244858630488386,-1.30876287340353,1.74224965390448,4.75486053218442,10.4692350505122
1,0.65049634400438,-1.94708879691268,-1.37203940790583,1.13261142621155,0.653049637035442,1.09219977730968,0.122953159545114,-2.82453235649294,-1.12857107976479,0.160286380678652,-0.442380240882191,0.428292552031483,0.1039049492042,-1.84047416085898,5.03411678032059,-0.971404466544635,5.26497945749844,3.50263917996237,2.71947502141921,0.995546504222588
1,-0.121821942363927,1.49899634685315,0.347268631351649,1.31656611641294,2.29418557254177,1.03994957240555,2.5531962423776,-0.430040204833098,-2.69749899920547,-0.128354243520517,-3.09902996481764,0.340065593730862,-0.877458685984758,2.88208244606914,-0.362466639503086,-2.02425420435096,2.53698806379041,6.76523831904054,0.217784273278187,1.91898507976758
0,-0.13415158755345,1.69159255126462,0.731140314689112,-0.20834892456889,0.0706221413716102,2.38768629137943,-0.374906345594569,0.22805568074274,-0.61487237327024,-1.54672423768595,-0.510199227505796,-3.5383556521881,1.25505999833091,0.158914069096201,-4.54192867859264,3.2484214623206,0.299818295854304,-0.608375589596802,-3.69873612027884,-3.34892552044357
0,1.7685798327135,1.91575374582173,1.54410569863347,0.795134922289345,1.36431840497784,1.71972792064633,2.68003975267561,0.894097532840173,-1.94521208651759,-2.71996491631435,-2.21122379263873,-1.03054467133479,-0.95139156246008,1.21620394765878,0.536913943712488,2.97776723788585,-3.79760899376539,2.98852691533663,-2.53701270263681,-3.74855991789163
1,0.162712874705844,1.47555965930258,1.04237024174291,-0.160410210897831,-1.99224460108331,-0.34878448978722,1.0578084105935,-1.96097129513002,1.02609492712197,-0.184149023247782,3.86406837978962,-0.714988926660828,1.03375164792357,-2.07909675672939,-2.69662453909857,0.641733995351568,-1.85057071230371,-0.318764546541159,1.82491879611091,0.941067523676152
1,-1.48348346840697,-1.21111594446047,1.6992996678714,0.900965675192808,-0.376633509752395,0.0705891051353107,0.422930637081809,1.47780027269354,1.63354914754979,-1.72313522594437,0.219687259028123,3.04338150299763,3.1715565421982,2.37566684197178,3.15156485787964,-4.9118532168431,-0.678033048123232,-0.740901253712151,0.670618538988584,3.56841114361973
0,1.45107298226097,1.59130396286054,0.25811265938727,1.49061756172484,-2.78535804064192,-1.41891036246538,-1.01086618178938,0.757719207716792,3.82329218199807,-0.600428748183167,-0.485676616456797,1.02636084178192,0.0481158011888988,-4.05917653644714,-1.2069380221345,1.95386013991606,-2.71671104249532,-3.46132932990033,-0.309179413043373,-2.67857864264703
0,1.50042786541276,0.0747223581734796,-0.822713058160483,-1.26266771587501,1.54160493709845,0.735917489570145,1.17481557549777,-0.721991902326764,0.849235834562296,1.70168474366535,1.75785909379089,1.10707231535119,2.15662131776973,-0.00155912142163932,-3.55103971905156,1.79087651279084,1.46063754617084,1.89681399769942,-0.504243711175486,-4.01064514914854
0,-0.250855258916126,-0.061106251123234,0.250236357833619,-0.0447626158493175,-1.16646979131407,-0.229273491017766,1.19978437608232,-3.25376006600356,-1.31641236529248,2.69520921789823,-0.405991879414028,0.122354296301747,3.34541334005291,-0.437503800094005,4.19486674904065,0.431677161375976,-4.50639216110298,-2.73646303332081,-1.56068105634104,-0.729593414374618
1,2.7452653670388,2.17440239814272,-0.60915807741976,-0.165598682745772,-1.6026159213803,0.96265042531761,-0.413969650360447,0.3647534585588,-0.0630856338627645,1.01263002899498,0.882961575149201,1.05428784841779,0.773212661422331,2.97641748906115,1.33129526707221,1.51927156811827,3.42325305825008,0.813185090017206,1.06575196836778,0.689671116184389
0,0.314176869648426,2.12355127993743,-2.13118671092804,0.703353674923307,0.169709849172003,0.697621915605085,-2.21095944272151,-0.815425374848934,-0.538069760056163,1.25843094411573,-0.0700426116177911,0.563946587568785,-4.61072216747462,-3.99010956168829,0.51410567467116,1.98141140608714,-0.965650940546194,0.556954581588737,-4.03137832045722,-1.49670621915074
0,0.284394521659619,-2.00024882424101,-0.619844819736034,-0.935346905410807,-1.18020951224459,0.714439258477316,0.735292008635915,-0.0735407593646675,1.67981721578097,-0.795246283090586,-0.386200357141138,0.362237578976565,2.4359120433778,3.40708806217268,0.266956132362576,-0.455760175430813,-1.34806476953188,-0.27539795182739,-1.41137830908344,-2.54357226011152
1,-0.922812292733505,-0.170577019800759,-0.649805138295921,-1.39357843394666,-0.432090950738805,0.63527563203883,0.734577454748787,-1.84964787429003,-1.90701034306752,-0.778922633831399,-0.153364196665417,3.67278308727024,-0.71630762196873,-4.14328484871087,0.0451070418593228,1.65540341860444,-0.493810420270043,-0.311672183808015,2.63412894267996,3.02299269506692
1,-1.74576503212042,-2.09701208237125,-1.83786981135865,2.66273861208676,0.237964260177136,3.14992775748837,1.81594776411405,-1.00832116811815,-3.02215545194958,-5.45084792175319,0.157299645304977,0.223639629109546,0.489077018437783,0.377826068826484,2.56192770994434,0.459344066664743,-0.184826744379526,-0.531586548938837,0.56489080237175,1.44628145885602
1,-0.388597970257644,0.757932940507602,2.13774918747669,-1.4339086772241,0.712659773557318,2.17499469637063,2.27947554273748,-0.36882234697114,5.06339716520984,-0.541490484877748,-2.10894398590518,2.5018417047515,-2.43732138792287,0.4796997035511,1.0773846601943,2.95410084325841,0.836313597536137,2.3043531698483,1.06398577328196,-4.30126686136069
0,0.587946653888404,1.52990924061194,0.521527119282767,-1.49756451383636,1.04048826489891,-2.37659380184095,-2.53184599811427,-0.00462222180055471,0.402635103837352,-2.74894607243979,3.0024111403505,0.946200849141072,2.05073427532421,-2.27493946367114,-6.97709377191182,1.60727153915809,0.195089319277753,0.937174557576882,0.482313609407052,-0.192496334975406
1,-0.659160917862198,-0.697004747290247,-1.89427131638933,-1.42347859391594,2.5750265966469,-2.74595282538315,-1.86890684273428,0.710041033432097,-2.01617834835723,1.18862267070044,-1.87371733381292,4.3284908166046,-1.14620709955084,-1.32132570358433,-5.56270642645404,-1.82314939923529,0.57196842920775,0.7539645925984,3.13089259878096,2.8502210762008
0,-0.574738610772414,-0.353127914266965,-0.920866331861474,0.283532746562797,0.207800033877622,0.368605379217585,-2.66697121758572,3.06688188561218,-1.05974492832009,-0.625061615692357,-1.48969407458241,-1.924906841932,-1.48250768334006,-1.62006824482065,-0.481010119364573,-1.07934229204226,-1.95670610180234,0.634775620676853,-7.71948991777957,-0.851406564896028
1,-1.76604606441803,-0.667027330665497,-0.927447343001476,1.04026550768606,2.1867736158796,1.23676673485527,-3.26096286230698,0.447076855900805,-1.01430712447823,-0.847459033023948,0.565643704064788,1.29823474739315,0.447763651571611,-0.883348648298081,-3.37487368574531,0.107261542123213,-0.628399691584376,-0.0549998609084876,-4.26770423635121,3.78828778097948
1,-0.343303687600194,1.0988501306713,0.949492967417281,-0.865189798729424,1.19522992084776,-0.8256350802884,1.13909831414133,-0.953445411595661,1.071820067089,1.88097406946686,-4.9580626453652,2.94219780367779,-2.12814727115036,0.860073488989312,1.92593198776379,-1.48093332036429,-1.24754413438261,-5.4244174581393,3.21683568017817,3.92784455204952
0,1.7855746999797,-0.363826831793896,1.01976162367774,-0.315181555373152,-0.918566897290004,-0.153544023888484,-0.477362973068124,0.242550994097777,1.07320259311409,0.0962937121968801,-0.709348506871182,1.01418823997796,2.28617489180716,2.44202909981303,-3.32046290361148,1.76713736721974,0.935707311904377,-0.499235790066756,1.20922269474437,-4.33017304692569
1,1.402006560338,0.0760331391200051,0.495871303419958,2.90169675428852,-0.513567371262074,0.788037788919297,-0.356688072714005,-1.14000687372304,2.62994226600082,-0.656720741539759,-1.54974070987389,1.66749107154722,-2.39687295873443,-1.77681932057111,-0.674519380734081,0.912503394246448,-0.91128679570941,0.219862986148283,0.466786399817827,-3.72761537496769
0,-0.263826790998364,-1.10514197135189,-1.0594354113966,0.17288056044211,0.641912247762384,-0.181539686304606,2.01534344320793,1.69217539122689,0.319528776221989,1.62911612003735,0.560235089148197,-0.403654282187887,2.0985895383758,-1.83791227162635,-1.46689757968754,1.21256967351422,3.31634289527284,0.152567587150121,1.5002551031742,-2.27154949327376
0,2.00423539640643,-1.26761932216683,0.694337469964644,-0.0176015714678065,-0.639386680428698,-0.136572899252096,-0.227036892328583,0.233187677154911,-2.65301719081036,-1.18161771612437,4.00295444812896,0.792505004458302,3.61720885745994,-1.64453949566277,-0.965735766649759,-0.292082344385522,1.79121504454292,1.24631185609201,-2.50078770133413,-2.97297394793559
0,-1.42705702111496,-0.671358573761752,0.560849495167033,-1.0030899043025,-1.87112846092956,-2.69740823542918,-1.28708762214196,3.17304992676126,-0.408841717789057,-0.580455785505352,3.15579548959739,-1.96507112555273,2.23506720219623,4.48162354185215,-3.180072317623,0.617178179810166,1.07701053987717,-1.51415879555138,-2.48874236341775,-0.518678665759483
1,1.75345663306887,-3.05768083375718,-0.884058815793485,-0.285876936694713,0.875904575473332,0.525850471397939,1.34857464706612,-0.0976794831342302,-0.0695868673841622,1.90952198360796,-2.13360268350889,0.263740468377816,0.258036526970318,5.7269384880841,-1.028150141566,-2.20555554543715,-3.8702907480377,3.64024667942172,-1.79716469429847,-1.78981452418796
0,-1.25864091621497,-1.19811046950649,0.982604552668688,-0.464706598776024,1.79855843852814,-3.06624953960601,-0.998839028727293,1.26275376420111,2.64950177829793,-1.04855893239516,-1.67829126179064,-1.39696993126952,1.62326071945917,0.0486109067029945,-4.79490375926706,-1.50156797379119,5.42976565467319,-5.3533198588543,3.35795525317425,-7.364298433836
1,0.370635787917738,-1.81492061285494,-0.4784377385169,-0.409283005116794,2.06373576507443,1.23401269317697,-3.20165859583793,-2.18682834894579,2.12857503153366,-1.40819293639514,-0.594349428413961,-0.86468447877131,-2.22379218729843,-1.07427921393501,-4.10739751002682,3.88029224841073,0.898931412030028,1.77530119674127,-1.72636979501954,-0.565759530205266
0,-0.750731790205414,1.07257765681672,-1.29227508680742,-0.00108583817932478,2.67487564199343,-1.77555226826935,0.482378633173788,2.24447706466186,-1.3490875434618,-3.00105494990079,-1.19533502957483,0.628745657037443,1.36082698782861,-2.24203418763635,-0.201448289774531,-1.58187029607318,-1.21564229970776,-1.56022126236555,-1.60516802152791,-1.49687115292561
0,-0.489604644067292,0.527722806605337,0.53749600068957,-2.93899079249097,-0.290723291075535,-0.996670798644059,1.12938497924413,0.452513452839823,-0.109985600551445,3.57051551072718,2.30677530502662,2.07066849361605,0.839531020175866,-0.289445902490132,1.14659303589302,-1.19009231836982,-6.12097341830682,0.688254682559434,-0.381657085888032,-1.57461363376799
1,0.0623934655466511,-2.70178993903464,-1.6868229497427,0.504062908882725,-0.769758762730999,-0.727779367972477,0.848168524130026,0.421894522602038,1.45197401370132,0.198284460322055,-1.08890326918914,-0.725228864064507,-3.77563650986419,-2.16800264512583,-0.686283911860912,0.7586738002693,2.4141961665861,2.64395103481002,-0.86801627269821,0.124433668175292
1,-0.941670459804389,-0.874343781550219,-0.756014936137133,-0.620583303758172,2.46574311834769,-0.185018318580718,0.965632354467862,-0.0333258461066322,-3.280010147473,-2.63792512707215,-0.148809680395348,1.69772514475648,0.456635816309233,1.51796761147677,-0.499783126707752,4.70909976748088,3.93370468350603,0.152328892709541,0.218157893222893,0.674092916709936
0,-0.865816637214473,-0.838871318230329,-3.45817386955141,-1.96905792468702,-0.787225132641733,0.70393664971442,1.42161513931829,2.68979518829594,-0.881041553478282,-1.09288017323578,1.3061735309621,-1.16823586630495,-0.501805726134642,-2.71409807764462,-2.80292593841858,-0.215832410270978,-0.29109660465258,-0.762783719337601,-0.552886486516722,2.71132742178001
0,0.234345819332809,-0.157787965392459,0.984449673588046,0.221006536333328,-0.500866887764075,3.18777118332828,-1.23930271856582,2.83947440089181,-2.15670423223509,1.55236568637303,4.18804556813893,1.35844551106173,1.72253167987466,0.819455614590858,-5.07598976417749,2.33399429847604,4.96674677736272,-5.02239366713269,0.327007956825988,-0.520562824961529
0,0.474811009294126,1.59405450935812,1.2627765483684,-1.53682697379553,1.23959418648831,1.77586175865936,1.8078633314742,-0.668929676417124,2.13956009496123,-1.16055678051908,-2.238769542958,2.94975057035351,-3.13791677968722,-2.82380107973463,-2.36332628936255,0.948034754738251,-2.4513381320695,-2.06831615819298,-1.29614430368437,-1.86671904733913
0,0.0199159614521946,-0.834110435804078,-0.323495541852582,1.22281868351261,2.01569115925931,-2.22485632583863,0.727768210852167,-0.363409536334402,-1.53257781365194,-0.708983240135085,5.24897452988969,0.416380060577627,1.31144571082144,-2.60747116766068,-1.31370849309539,-5.54716662498586,-1.43336545209809,-2.75594607510304,1.5444316498311,2.25750690131448
0,0.0869210905219365,-1.4797934097648,1.874314919553,1.02834742329171,-2.300669494815,-0.460539025517894,2.07112805610591,-2.2258515702677,-2.42562099885512,-1.10394936755513,2.54184550251198,0.093390761126517,-1.68156708164679,-2.17003956509422,0.744529873058737,-1.87890956892329,1.37043346700181,1.21038064272312,1.35379945375064,-0.998121781010941
1,-0.971053603961355,0.933026333067159,0.755296480129806,-0.64302159018958,-0.616403201671478,0.893692993281265,0.502993754943283,-2.22314012746518,0.743360602932945,1.82954343130379,-3.22773251788122,-1.27426041518251,-1.90327531574285,2.23026022062735,1.18121680057287,3.18379795914457,3.23436533628275,4.03420805307621,4.01792552365101,-0.0298624817539851
0,-0.561220189574615,-0.464204912642912,-0.222396306777915,-0.200274158613346,0.978009620259389,0.71871114101384,-1.96856185798634,-2.14615472066469,0.0735205580841925,-1.73396613416865,0.479886847022095,1.7942825879079,3.17961436887369,-1.25696893044736,3.50434163525866,-3.28605889722101,-1.00968540444662,-2.32240484351624,-3.49049601762148,-5.69490120853585
0,-1.08485882594815,0.137002368225666,1.30464870191142,-0.409950139532411,0.827446378481762,-0.399372915779317,1.04676803654245,-0.922643011329692,-2.549672312186,-1.10330807686857,-2.10117325232598,0.301793386351659,-0.59001944174122,-0.406812957384832,2.00925701871513,-1.19194392107072,2.73027293550003,3.00610865676899,0.905276978151549,-0.114608606092668
1,-1.38743852212299,-0.9069814743867,-2.24198692503447,1.36740529296552,-0.204667918373977,1.57247034504869,0.359533075702384,-1.89163898758712,0.0398406395875534,-1.54340921313153,-1.98565422975726,-0.951234668542424,3.88048948580272,2.38566369587449,3.47694155035648,-4.40206697383246,0.811141689126691,-0.657657013079001,4.177662421026,2.66890862399585
0,1.00377515356655,-0.243093600601396,0.619632613277932,-0.0498330660541572,0.468044890848591,-0.746549414995594,-2.5000919586059,2.84797599370521,0.82491573620706,2.65582282663226,1.51726099475253,1.58275372684746,1.55961855443485,-2.27345532562455,0.617594316942392,-2.32353938055654,-2.31286771255663,-0.281970100252818,-0.880749047115622,-2.70814405969177
0,-1.63296607460608,0.716942788328597,-0.0688203986488349,0.798635943662118,-2.22066330953424,1.07964563751486,1.45965078430484,-0.517870026059944,-1.08829156493212,-1.2486239772354,-2.69179127349951,-1.0538744831752,0.0579401873202716,-1.09351468062808,-0.881036712941523,0.543015311673691,0.0958083145963317,2.18170041040838,-1.88213124165948,-0.635110320737112
0,-0.157592313990565,-0.961087436528299,1.03200029140954,-0.147266518682997,-0.895758082167937,-2.8753684307945,0.64652650135278,-1.85657604212422,0.400890665102093,1.16023335918595,-0.666989164634566,-5.42589958740948,-0.870728721751069,0.56329414445141,0.0217048893884638,-1.21476915576189,-1.41125069081337,-1.92494500036055,-1.51902338801592,-3.46393959817447
0,1.29206275682577,-0.516355101388821,1.18925733718235,-0.0675210160266045,1.60613965387564,0.35388610074557,-0.993103084987404,1.08662807886705,-1.45554035721287,-1.66172723205593,-3.68814772650879,0.0123482956539723,1.44065244397463,-2.21808366789296,-5.46559921947979,-2.63165529269562,0.811975896991882,1.9285069388193,0.0252290922244353,-1.85076523235769
1,-0.516556803751763,1.00253028175779,1.70316264699172,-0.197221980716064,1.3077280137874,-1.58453048817891,-0.124764423522008,-0.0387246847620749,2.95072663162257,0.0309566715936912,0.404332409408171,2.03633271542024,2.50704066238246,0.783354520262042,2.34970081919203,0.885734982963253,-1.58077180306255,2.52611295980357,-1.23349862861138,-1.54997988650812
0,-0.697555713377617,-1.99178825567697,-2.28567794954369,0.255209419750738,1.40399457088879,3.79708580681689,0.603113856857288,1.85121261281738,-2.37737683285737,0.546029778578407,1.93267167096725,2.22884415058579,-0.155962127363797,2.41180581153313,-0.155552356716517,-1.37388569155931,-4.02602221374343,-2.68442928550272,-2.64846706164308,-3.94838059813657
1,2.05278621800856,-0.747915257631232,-0.947144640832398,0.509141456418574,0.781067619438878,-1.5335994939359,1.11289864523746,0.207488571700047,-1.94692302062457,1.19749294048078,1.61704801254254,1.34598328172734,0.57743853692522,0.627409328545571,5.23727091563456,-0.0353194244221007,-3.38022751335277,0.179351971903623,-0.547740131188542,2.10839468137197
0,0.315908089328642,-0.0320564864248071,-2.30609215408107,0.511176991124525,1.34278253174692,-0.804678297941685,-0.371581281769833,-0.0236847549436296,0.609079583808233,-0.720921367514098,-0.288406126920019,3.6654090723431,-0.416404626167507,1.63022878441988,2.59269032642767,-1.01347722556865,-0.766673103601251,0.292439594642416,2.81165248910574,-5.44911016682044
1,-0.266398038344804,-0.313211533471666,-1.22088563877832,-0.549654142480815,-1.61944679417974,-1.40827647781669,2.34878106548612,1.79492772475484,0.610780664565709,5.5966334601873,0.239924770461487,-1.80370266193655,0.866628496860795,1.07070523017687,1.44532115463397,-0.395609212912158,3.10876251981473,-2.41396885753688,7.36444129477013,2.41596284881528
1,-1.0950910584685,0.358321800488073,0.802327173388945,1.53396743737093,0.122863634638236,-1.65477728021999,1.55427301633339,0.102825059605383,1.10367806963675,-2.62539436577739,-0.73610887477202,4.12189419776486,4.40633940459141,0.682354508330779,1.03107723853527,2.75721001405909,-3.84363629823839,5.23997763528153,3.07776235866121,-1.06919282890269
0,0.190862804158971,-0.195511443248183,0.559617655370391,-0.98902474778606,1.16009083570239,-0.391047235726184,2.24044279590499,-0.135479101707692,-1.34493611665375,-1.92361614201902,0.834565057940199,-2.42487261406082,0.000772971255169088,-0.228789196316014,-7.2108028454226,-2.83224765436421,-0.98822467961333,-4.60646339746983,-2.76893605362093,-0.106850854076239
1,0.0606898064821846,1.27617650846221,0.208971793976326,1.11664623521594,-2.32737678882599,1.07453583015256,-1.4567100612213,-3.03045850058968,0.620829951615112,-3.10788186630733,-0.239698993161007,1.14487655300232,0.552412486350958,-2.80676816906464,2.50898236905491,0.355199621647808,2.45869770165157,2.60519230695626,-3.37806657151669,3.10195711328328
1,-1.97042206932672,-0.525720719562257,-1.79672253305086,0.130806407680937,-0.0438301477585932,2.52505839879599,0.583576635287266,0.542551565030402,-1.29819083860445,0.744821659705077,-5.7589113261561,4.52087597020226,3.48991581585435,2.12439899690582,-0.563515306089027,0.43097120023733,-0.894044440945864,-0.770499752516511,2.23756079495652,6.41113211418744
0,-0.0105213394496643,1.32214993724192,0.536365032405711,1.28684884590472,-0.777937887868495,1.65645967950338,2.20388592261071,0.160725248178743,2.7561031881511,-2.41648124324495,-0.512322412869991,3.16717593847859,-1.43600831691464,-5.46602678693592,-0.240654948873694,-1.88059229982707,4.31576268144926,-2.6005492403787,-1.99321642153419,-0.735065529325601
1,0.661109362324326,-0.299348291093449,-0.475486845749972,-0.845961343780518,-0.992282456520056,-2.3039113853986,-1.97184492586816,0.976211615167191,-1.42502668235035,2.31759417845978,-1.62182993683402,1.89247144153371,-1.23036010004827,0.392801561303384,1.97669189764932,0.504717229689594,-0.366922790749369,-2.15429107664419,-0.404465701459584,6.49844054077798
0,0.697468683692969,-0.291359765159685,-2.0808513703266,2.17599780717954,1.95940634275333,-0.758012637626514,-0.0718593712421594,0.561049513063068,1.40035677777779,-1.34436355056719,-1.21538380996107,-1.15741523339821,2.14735595407187,-0.00691730611881736,2.80348499424897,0.331833087624524,-3.97515202912798,-6.57447524807409,0.521250973888666,-5.95172373749271
1,-0.451951288541954,-0.110302790072994,1.47479654903756,-1.42858517930297,-1.73436189288498,-1.02695923806337,0.799497938114689,-0.632777307717675,1.42359791147034,2.8197343805079,-2.81305064154954,-1.9491572093563,-2.48850950526687,2.38924587645392,-1.22989056036465,1.97700617871349,7.78439644771211,1.61076032147,-0.143383411163203,-0.828351388125899
0,-0.377155960984943,-1.50975960039336,-0.449624225436495,0.207468884755672,0.538162623111382,-0.606830216457651,1.48601851186678,-3.26128938072979,0.390427303090138,1.59362605380723,4.0998918218664,2.60317698972899,-0.466581683917752,-0.310954955262716,1.42627219163391,-0.687052356729643,-0.998990279208564,-1.28159154933219,1.04819081026608,-3.85501625480908
1,-0.332994985636134,2.39588493494105,3.8929449049406,0.79568329479395,-0.494622304339447,-0.910490553775931,-1.82123413720327,-0.000601066175583747,1.12142526016814,0.765988816496907,3.92419165500625,-0.23679583108003,-2.07686581008645,2.02643287234136,0.0948450699006463,1.44871848289813,0.792323094863621,0.273985895497517,-0.767982533993726,2.82190116425311
0,-0.750072010065543,-0.0436487527507511,1.58784503014497,0.70998852653304,0.573120035499575,0.940121140555593,-1.87502833744044,-3.31715739135538,-1.51519264325808,2.27611919783974,0.0546187988873014,0.158404598511559,0.373356270481813,-1.45021090138041,-2.87558114517267,-1.37930223066318,1.68166388735723,5.737496257415,1.76762835770761,-4.3644444230408
0,0.675988078463896,0.120909021234502,0.713566689752141,0.111977964120045,0.153904491811289,2.76913774824173,0.477748728506899,-0.0364360440329109,1.52912453762793,0.302907780189435,4.12663384258324,-3.8573619935146,2.41740447764622,-1.84220083499473,1.20045871116402,-5.26221442523223,-2.1656720934312,-3.20819506815079,0.322007167915745,-1.70564234274036
1,-0.149226391653802,-1.76427901213696,-0.999093192409204,-0.0322161238202239,0.283381940720914,3.87757076045607,-1.25514368275589,-1.5659388618791,4.05509378905959,0.914234540822777,1.32269760513777,0.218861185345023,0.768984353567244,2.94690086714354,2.18899551782569,-0.858904667153117,1.07884052944782,1.07806008558722,-3.55748897341226,-2.68313539477635
1,1.25919734972935,-0.55313368808807,-0.426376069639348,1.8900086820904,0.333285832894949,-0.297382331305942,0.785687788144843,3.1703493468645,0.907720797720873,1.13942940564067,4.04145254861437,1.85773476714898,0.741003004758707,2.0876548069383,-2.05435736589836,-0.72020010587083,-0.422655097412615,-1.11252331254736,0.993599055657338,0.769407438998403
1,0.653872853471723,1.15809348386155,-1.79416158878173,-0.362369063166505,-1.13625980375466,1.51015777614873,-0.561843841577848,2.3138192035023,-1.14214509765952,-1.16059682338901,-2.98497845173589,2.34253921817936,-0.817297254708636,1.56347942441262,1.38787343661163,-1.07766857977112,2.5912669711987,1.36279062983402,4.39562222637883,-1.13760481926093
0,-0.0711150378844566,2.20593238857663,-1.9627361674868,-1.06091495906915,1.52474360939758,0.582976278056013,-1.42740347171757,0.583647225150234,2.26415101669282,0.972922984367317,4.59692880411261,-2.76214311861266,3.06082527198239,-2.26118031833831,1.21747690670414,-0.0663098865732224,-3.20267216092135,-2.45270718801741,-1.3850097346254,-1.64062169647556
0,1.21439233550992,-0.638102364092438,-1.28712318824432,-0.320320019102981,-0.207548351565422,-0.293012358943774,1.01140624593147,0.133043261924109,-0.758959443723974,0.305114833211267,-1.4459767574291,-0.845206908959335,2.25826677940478,-5.2777392590788,1.4057408621344,-1.88281272441669,-6.14369138458677,2.54891875073735,1.27477566377138,-2.32673955857748
1,-0.773191209509711,-0.37807796448403,-1.29008820052247,-0.450138344933027,-1.14672910235378,0.509553062934609,-1.37993791890383,-1.24194984553303,-0.0094581823554874,1.31834260862893,0.757920313119683,0.677615048061148,2.02041160149354,-0.0983617325619945,0.383667519536699,-2.86855452381404,-0.615803151331226,-0.180859897425762,5.00091318445173,-2.28157844932547
0,-0.491649520002303,-0.278233009109685,1.11990810684463,0.424936765943963,2.26441491140094,-2.93034252444656,-2.36477466023492,-1.06478848179747,-0.848308441735193,1.68960151771867,1.23199466758021,-0.560547421226138,-1.22340341228505,5.14535696106228,2.94384591798343,-4.05939096318879,-2.12355779969456,-3.56719319109621,-0.410476371058602,0.368235900353183
1,-1.1270678608806,-0.987844764565245,1.93874629984952,2.40620729960901,-0.0387620004058857,-0.216107359080993,-0.678001466166915,0.630487525340996,-0.918489646155977,0.25534473790722,3.39709699072676,2.45246280082407,0.677392849062943,2.67382572263458,-1.54620076383382,4.27948815538669,-1.14463843304106,1.3464902519661,0.707918632618731,2.07854737136016
0,0.211737608471951,-2.25840629453814,-3.08693959783718,0.254881508065071,0.0414211996365923,1.78841772524635,0.202631904419551,-0.374526692107752,2.3972160051431,0.128892609887491,-3.30610544338863,0.0447780519879306,2.99033661088024,-1.95866825391539,-0.847282620025963,-1.10839758240003,1.04559880537303,-4.67233509478398,-4.26616201680021,0.461631890067263
1,-0.0299420019428597,-1.6397512152522,-0.351252137862214,-0.501681015762858,3.25161664402018,-0.551355800505618,-1.8005569545381,-1.15056749340756,-1.52235863869052,2.27053347284925,-1.62560573776833,-0.51661419734848,-0.40690202581152,-2.21878790186577,0.388884623985817,0.658058146516268,-0.863141478295261,0.0151696062603879,2.67243077341277,2.00451885841017
1,1.57340826200187,0.00127482528033006,-0.899878348617031,-2.06536242443298,-1.11116393974426,2.52652072354659,-2.5873478536034,-1.77998004578197,0.31095879826046,0.554230049928878,-1.24443514198181,-2.54483783670577,-4.54208897217757,-2.89736888572267,0.819157311387328,2.0453549311685,9.35998053958272,3.51518275391852,4.39390536829756,-1.20193527834901
1,-0.0829145166651571,0.135820678738889,-0.886847088474897,-2.31378877005979,1.64704169255618,-0.343415148376052,-1.28112809613958,-1.82214648242556,-0.24099856590098,-0.91732374837277,-0.228989540114554,1.98467115428933,-2.28401189029662,-2.41920096152887,-2.08385370920995,-0.680612528568917,-0.61655263989851,2.25725443911875,2.57918623532125,1.77921283550782
0,-0.0387099820984991,0.402845185905454,0.345127923863057,-1.91142996973015,-1.45482810523603,-3.09625566888327,1.82412743153018,1.06381204044193,1.00476442787579,-1.42219146388807,0.796395239611335,-0.926592222057681,-2.62652534297543,-0.767148788204008,-2.14184024776535,-0.421021922524187,-1.15653163884317,2.61549545147239,-3.30167453694818,1.06809018460696
1,-1.23046477049178,-0.186433482852835,-1.0116868226417,-0.481050609777571,0.49081005041566,2.14713969376452,-0.937898757296933,-0.843347793224432,-2.25908344198112,-0.826743837707361,-3.0369813893343,1.19202916606341,-1.60802436235226,-3.33852456122234,3.73361296015588,0.908036770956367,5.51146782199404,8.96609724880246,-0.755013570436657,-1.22055252332665
1,-0.920029653383015,0.855625242085332,0.127670052779578,0.925923174115821,-0.650894183492508,1.82089417239607,2.70801005884392,3.36540613617933,-1.30966741246326,-1.43388711812725,1.65690864402327,6.58067468402761,-0.272868127834693,1.04302467308536,-3.62355868143297,-2.57672805514043,2.20809105605658,2.20110744303537,-1.29087616630639,2.36369965828818
1,-2.01360432898848,0.322149688872417,-1.98359945101374,-0.209599432230275,1.27809996514145,1.39643312795089,1.41272622142916,-1.02941267746008,-0.0611639829573526,0.634530352233448,-1.53611479010941,3.45944711216088,-1.11168136588234,1.14655113657023,6.44855778110405,5.49267587391,-2.54391826170832,3.99414428465785,0.330970086674854,2.95372991121973
1,-0.821096281021558,-0.931656013208179,-1.07674841781805,-0.394493827596085,0.525091284011014,-0.382172951256021,0.515285256482968,-2.44177770157381,-2.02351919996766,1.52382970781056,1.6515270410057,1.80735730099594,-0.493724270547163,4.14071087452342,0.680917962915374,-1.34038700848441,0.635563327988385,5.02098204870222,-2.54058915895534,1.51310532023133
0,0.371966341436442,1.21341347753118,0.786335392467349,-0.629006527212707,-0.350183020813799,-1.39591411879327,-0.865895766992633,0.699441867837494,-3.0324884286145,-2.27005341723052,-3.14320330534508,-0.936427258287283,0.573991757464878,1.17721420153816,-0.0814202125432162,-0.096211185254677,0.551008119811918,0.588296093755108,-0.534189801668789,-0.972435036169904
1,0.10719833386824,2.85940032446,-1.48413963722769,1.99197736919836,-0.368290090530975,-1.79075225558968,-0.0177017871435508,-1.99339810311871,1.57371571428448,-1.26825462472132,0.312255684341437,-0.730510157036588,1.144889813434,-0.636693375517953,3.85721992018082,-2.53015587140966,4.41808960541913,0.647789874434926,2.28571414818587,2.33848763972475
1,-0.365170181080765,-1.20747308527218,0.51383999808427,0.300401557759077,-1.37983194202046,-1.96106995690593,2.22005802532912,3.26938891487014,0.778365541837805,5.2111372620742,-0.557363216195567,0.0441365548414499,3.07319533298394,4.21006209822351,2.45719121700805,3.06949468655869,-4.78327669448202,-0.576575760915131,-3.11715388909144,3.26561000413056
0,0.57575742981164,-0.792649334187873,0.850932460235469,-1.09487208807172,-0.435297298574219,-1.78396431095109,-1.55166953446115,-1.10888152043835,-0.0322092924334908,3.17010069993768,0.624519644321046,-2.96416567026923,-2.39738480044311,-0.321965909266036,-0.422839969905531,0.760677677108432,-5.70260884380907,-5.82017343661034,-0.877441803189366,-0.308408053916359
0,-0.146922703784549,1.7045143580666,-2.4950624021439,1.52653643827384,-0.321347353819383,2.81604023347506,-0.402554389350492,-3.32314369492651,-1.77545028184669,-1.17669393641367,-0.320204078492602,-1.29943527237597,1.82105220325398,0.0718463568627437,0.948789254475197,-1.26810277874365,3.18943880857872,0.140198211818554,-2.83543150052911,3.32589326813629
1,0.277202053727623,-1.03298445488127,-1.56509230105142,-0.742589056140712,-0.242440592667932,0.917358602875996,-1.78238529954117,3.27333118340761,0.505196085888041,0.953524918278178,0.63604399157459,-1.0980267022493,2.65952559253888,-0.397641382031346,-3.1513221753229,-0.837401391033196,-3.05550646491451,-3.0599900446834,-0.0740248354599992,3.67027922997564
1,0.389735615330774,1.42005304693996,0.661161905627744,0.17351189287132,0.395958780073783,0.86199500742496,-1.98979866868119,-0.783781614080393,2.49957953088326,3.03985265392976,-2.1314824891938,1.13164039572025,1.69625265890461,1.64320699518935,-2.04435187945333,-0.373143798079234,-0.875029186246928,-1.11967878450555,0.977939831108318,-1.85379778215227
0,-0.876348914321883,-0.278327206798154,-0.0505468539806909,-0.958144670961256,-1.65900418240935,2.15727516927204,3.45939091785969,0.840632890590785,-0.242048929702117,1.70128984729718,-0.373069538326755,-0.216499824291267,3.71748022710607,2.53171975257086,0.643037958333208,0.805475779430984,-3.69238688805071,-3.65369711930522,-6.82496201485215,1.60767691352135
1,0.158285758919987,1.03089656304908,-1.17658118084404,2.57857158428219,-0.467828475015069,-0.280328099203917,0.862801322463329,-0.613345571113864,1.22560431415966,-2.69837549410599,-0.550701368399413,4.00430699538653,-2.20134755800256,0.631589890805787,-1.66937287341308,2.09836334204832,-2.71572588686688,0.535735101035975,-0.964522245957564,-2.18943612036342
1,-0.898805261123024,0.675467529029656,-0.0529928362196091,2.15501099796305,1.38399564739892,-0.199763283751367,1.4090051692938,0.367528839185395,1.36960946907986,-3.34083609990151,2.00456316374313,-1.45395908119578,2.17325061204951,0.0531148540245074,2.69825073138622,0.173433337204784,0.379437503869826,4.69933687206063,-1.96419480927986,5.75788439711973
1,-0.80906751122548,-0.92209873406793,1.50313842196465,1.16235554330396,1.68832905391524,-1.18040287612743,2.09068432257037,4.11539893017457,-0.174895651929174,0.862748105850588,-0.73047496614769,-1.54833605730031,-2.65310394750784,0.68665239897743,1.29234544821847,1.45672847337494,2.08428528098083,-0.403097803988772,-2.70446988873259,2.05557155417583
0,-1.69527922214685,1.02045604662445,-1.58707114546731,-3.72788419566939,-2.78771925423767,-1.1272124686457,0.820081090789552,1.15164912131914,-0.495375553170335,0.657800310889242,-2.81887885628722,-0.330988336236201,-0.113630651786538,1.98747883591743,3.10860369026427,7.8147626901465,-4.08649484400914,1.19429224180757,-2.6709134923952,-4.74550679752013
1,-1.55567816204269,1.22299317197674,-1.41424124737751,0.0980364216052588,-0.726010765420477,-1.04296457617889,-0.778537403213183,0.770216071712296,0.422188876042519,0.0733887272080971,-1.23186313550232,2.0099720936993,4.95288847847723,-0.0303357457799685,0.773947580294934,-2.95254733977553,-1.47206970095841,-0.943522706940881,-3.21778814729582,4.69986359171876
0,-0.437154404980377,-0.462944999709471,0.517306794129625,1.44146732704385,-1.14723639076404,-0.888257411776061,0.626403865371028,4.29985440500423,-0.326830718924291,3.45527273695337,-1.97481639277853,-0.902537221540403,0.842656462007524,1.73156721438426,-2.32713406407849,-4.38404739390433,2.09822041136496,-0.344643140832505,-2.38077289736931,0.50301069886046
0,-1.10340832636877,0.412966913232892,-1.91166508541412,-1.27030596652232,0.216083221347476,-4.50250011330293,2.16152015752409,0.894751701745697,1.50718832750431,-0.048536076467819,-3.56642238373215,0.717577082994568,1.05713567213061,-0.439467819657042,-2.43145568229794,-1.37905643708057,6.10957366739768,3.16111204165657,-5.54804117933637,1.26939175936473
1,2.52562575842584,0.438473195359644,-2.03856383141545,0.238275245885805,-0.764964847536433,-2.38165890421763,-0.335277641085475,-3.81037715641646,0.963093511406531,2.19141342151796,-2.05898010772061,2.23406667962266,-0.577847647068429,2.3995186925171,-0.853026836000974,0.879118941900844,-1.83794486645483,-3.31079742124932,1.23897907172829,3.15601687869082
1,-1.99852084796062,0.116125839913371,-0.256451037927031,-1.16422104441177,-1.36960903890007,-1.5676962480045,1.69053983451842,-1.63453611909149,1.38459978646417,-2.51348531729406,2.17324856440799,-2.5506918777327,0.461664428250018,3.78822975308707,-2.21605152033734,1.83591773223651,0.193717709005944,2.65806662551368,-1.38872357280956,-1.08663538992162
1,-1.01127234618815,1.07801524412226,0.57567077353192,1.55776202820266,-1.22819556513707,-0.57201347793654,1.6231852529002,-0.97178406601844,0.861598662339801,-0.415634765771982,-1.43956560279532,2.83133045878656,-3.4781800252377,-3.16894253948336,-1.26772634082543,1.84452741173179,-1.25338197479197,-1.28266206830177,2.95320413375204,-2.13204791687049
1,1.48192509223554,-1.82622345913691,3.24241673435467,-1.5762222186734,-0.382095047131554,2.47921337621305,-0.376300862477697,0.565345177572826,1.96912373013081,-1.60101942144255,-0.809885988414165,1.84622843391699,0.0381240670641847,0.932338069718787,1.75143176206378,-0.707326169698654,-4.55621623369846,-1.05275308066224,4.0082049249902,1.56838690113394
0,0.789398978849711,-0.688128130312417,0.172900776798402,-0.667106501607662,-0.972865066447587,0.456465379396504,-1.1874638097454,2.34399140872126,-0.140198700350741,-2.42326042531134,-2.55646048412435,1.08913534279247,3.49638906987136,3.42869541422565,-1.32614083624032,-2.2012591603575,-6.14013883791825,-2.90648307021272,-3.43016121315171,4.39430477331631
0,-1.00502149050738,-2.8509244285015,-0.556782752277221,-0.513190499833013,0.668359927763794,2.10812591198807,1.86536385767723,-0.517645776467519,-1.39703440185831,-0.253891714716101,-2.02197514026573,0.129350692169701,-3.31210540364015,-2.31860944487585,3.76360579803524,0.620119785583068,-5.54500357778195,-1.43785595750769,5.33965717147379,-1.88259684693987
0,-1.10043534842747,1.5501343905477,0.286327036144045,2.15394566189873,-0.251813707392622,-1.0181028420366,-2.44817925846837,-0.412993099844763,-2.06947624657416,-1.07223033408165,-0.847404282714778,-2.63127967429484,1.22857626355905,1.86904695619852,3.60627703251873,0.18983167313767,-1.39051033561275,-2.01141030452526,1.3445176143189,-1.62895327714978
1,1.44673975047401,-0.774156893497593,-0.877897428539082,1.60758479483244,-0.580941551799533,3.68008278339848,1.59345809500553,0.417355923800135,1.59556778525379,4.17421593955151,-1.32226902914011,0.00944132348967995,2.4963532700696,-0.0970520552026643,-0.902177948116525,-1.78651792772263,-2.04008879585501,0.209613140427807,0.840966752902896,2.78476527210052
0,0.650062598109088,-0.913379676061398,0.640085748825967,0.0847913557507254,-0.824600059125074,-1.53631925756225,2.40706256236386,-1.68345762193221,-3.50897559505216,4.86061746883609,-0.156761814834038,2.71997854606503,-2.04889085742653,1.69347057462028,1.97961595860989,1.86049691813291,3.83821863883365,-3.05304512241403,-3.47532872549103,1.80100008365869
0,1.26224924536104,1.13523700376678,1.49691515284999,-0.966339109545078,-2.28266866915694,0.871329949730713,1.86285497909454,-0.143322117643073,0.542472675274025,-0.325961259303123,2.11209052479461,0.592752424727227,0.099061335559952,-2.04986850194267,4.1778689154808,0.440422085172003,3.85302870714022,-0.285683257992788,-1.44586728627454,-0.48490550739213
0,2.4150543507168,0.149746118263816,-0.43375385152492,0.544861018284861,-1.02674496213825,-2.00667461364594,1.11056946258244,-0.284045848220378,-3.05607276172067,-2.4726791510793,1.8405523652173,0.269053952266292,2.08406806938474,-3.16826076065841,0.65817509358567,-1.37830667544009,-2.65045500847626,1.36969914719021,0.442154249240574,1.9552362413957
1,-0.822526385658525,-0.658174211779527,0.474279744492216,-0.375135252640812,-0.797747820612838,-2.52889190673557,-0.151851477613331,-0.386096779041805,0.875809009612195,0.799006725016758,0.451409032376103,0.738444997336384,0.191074710757887,-0.158541709309174,-0.164022344928771,5.64684236493454,-0.705284854960747,-1.49794203100548,1.68812944958771,-2.62054285689204
0,0.857611473904334,1.20530885672388,0.52022340870851,1.67223791306623,0.0818966019885936,1.47661573638457,2.43067606326744,1.42493550364996,-1.42340425119098,3.5199812200047,-1.28486012831152,1.63314639951991,2.26883727565379,-0.723600771488574,0.243377063220693,-2.42437240309492,-6.36029893982782,-0.882520377098195,-5.49153124560755,-4.15935974324205
1,-0.161110074906514,-0.0202196550691521,0.499317584038971,-1.06469624153308,-1.53404638813899,0.970434114608553,0.463562811784087,2.29896245802327,-1.35424013734256,1.67382037066604,4.09893476932942,3.25731278711027,2.97954784059081,-2.14562155722629,-0.167459932088676,-1.66020012966579,-1.94978065240457,0.738370845653241,1.08153642006616,1.63050897136711
1,-0.740543984667182,1.28427936062893,-1.4199725518029,-0.529833449522248,2.93634847571461,3.60387227560018,-3.03309927935447,-1.25220626571369,0.323045221495867,-0.984660184549993,1.91865684131803,2.59316273601548,-1.76145912382764,0.616788247704436,1.60009854700093,-1.12591100640461,0.231071569993584,-0.974801281203704,1.53849381840678,0.334524141038482
1,-0.765853609145405,-0.937634538003095,-0.244543908981476,0.790484202190282,1.46503816786079,-0.368332070947389,0.186377416073668,1.50048988464839,-1.93044434374042,1.08138151474684,2.22941316808994,-0.793007233873924,0.405557097791541,1.69648419432433,-2.57636737914099,6.36201118792241,-1.84149135165406,-0.306005939067439,-0.203349212340673,-0.751376989234846
0,-0.331870196530647,-1.05555200807383,0.678698414116027,2.68016011110767,2.10246691008731,1.22961380169045,1.20885395475016,0.604759721941161,2.91710094548013,-3.06597135805535,1.94986153862868,-0.127651672121038,-3.83600576985686,-1.62635426201147,-3.13362723363275,-1.48945916702498,-4.79048925738796,-1.76163155466096,-0.0684360718794562,-2.27167897480022
1,1.29543437342998,-0.812791503729623,-1.07556545674658,1.44344160087614,0.0569538074049511,0.837365167065944,-2.19783900829508,0.409148548945248,-1.16148061456304,0.769016303173546,-1.64458839625791,-2.86795080420141,0.900011479677602,-2.74875307953475,1.55564358359391,-1.85741417141193,0.847298539674441,1.8186716039592,-0.939801672854559,4.36906194541979
0,-0.65910510892726,-0.0360678222115671,-0.651759918559087,-0.486967497507968,-1.52736740453255,1.55087510719334,0.979722461209751,0.0165604842648385,-1.82968104910662,0.918172940767455,0.906532760447236,-0.392638527146745,0.693626349293755,-1.83985495195711,-0.181847938937198,2.46792701209142,-5.04851030692966,1.53927777159538,3.36701158299514,-3.6948877765404
1,1.66553039931754,2.02953715479197,1.77620686783799,1.94205712507187,0.843083647056556,1.4010171855126,1.18444310699565,0.408778753860895,-0.648837734333189,0.559193886109328,-3.41037753861261,2.0606926865915,0.705799639472982,7.3971956769612,-0.903113172221794,1.45352016170889,-1.0335521861117,-0.667001876078982,-2.94626928455724,-3.51768822344034
0,1.66526554911535,-0.538890318192878,0.0679086070359294,0.838197302909981,-1.77556132872555,1.97211086334813,-1.89169115918959,-2.82654125704139,-0.860106355286156,-1.61655431805411,-1.12924644227822,0.763407721805941,-0.207841923575679,0.178272845107034,-0.159813635606783,-4.56097659870119,-1.82661913197381,-0.63335396279479,0.625530672370066,0.544618887725711
1,-0.863250403784529,1.15490699898704,-0.782118191502527,0.141450496445975,0.512036429259433,1.25666778104054,0.386180901712994,2.0423321467673,-0.705830528484837,0.326582332606765,0.372384794081481,0.613364377071983,-1.42934482833555,3.76504138364822,1.54329377173366,1.80096107321889,1.00383467898613,0.395581098935356,2.71835669911243,-1.27904546731992
0,-0.584507059157271,-0.567149871179568,-2.54128139990879,-0.68358075751546,0.124500392462781,1.50876306712427,0.315869045559916,-0.235323024003085,0.0488862589362785,-0.171349159209369,-0.899216858140552,-0.300538591673524,1.32539614892999,2.77176264915409,-0.0207603980879421,-1.6975175691359,-4.01968976618802,-6.31191118859364,3.68723529591633,-1.05536706097829
1,-0.182424092784439,0.893699175053877,0.611771874023345,-0.578290505101498,-1.06381226226891,0.0538468185735698,-0.821815452973914,1.90434630295897,0.470521630718349,0.281348197091143,1.14620108999801,0.693963258763609,3.50421647216763,-0.572931724810696,7.13441948334648,-1.53091937600772,-5.23910667699579,5.90229626499115,-0.619067922924285,0.432858179407022
0,-1.45433065752755,0.760613485055526,0.329515432037984,2.69896989044963,2.44318300691188,-1.86868074649932,0.52567393812093,0.6270639450752,1.80020607899772,1.40403960686938,1.77919229584223,-0.393494286821847,1.86072601498397,1.06107501907321,2.20788798146231,-0.506507291167008,0.558455276164204,1.49428316131623,-1.43208521614922,-4.7535850000465
